936745848191241397
253151005541535971
179725139768039477
519446119380251299
987597617486605771
637085540589728641
388221920031513647
782309767292761153
391061891243185817
162343565388489619
432931601094553151
664169323624700549
536377740385939841
811544746297703323
150100398672651563
211606501909536281
556950467028526261
243935246073435557
774180189108863281
474743029766071939
644619017471320621
323700662618036887
130069217083168861
865980361174277207
195516147270578669
860971984063607179
520533175211921503
282515498642297953
532571461197370943
670262552669010043
711919438435060153
706956690445709177
206216741130145351
410838775719619567
330742635273436921
720701711810116717
175592473227507533
581796212686379953
629043369587921219
944135870031979363
414966797436470707
137367148864196579
160895093604274769
846628292100292879
371576719992891047
894876423186871219
951451566521846473
586267341163009619
328201901320764169
945147735747123877
599837231629992821
230072469622818947
165946795211241613
512728725654989209
743437679823654187
675051661325506781
168230740149516241
820826720774580857
436233628616769371
631931905584488833
335785638270673511
909673749273890899
136833512196447877
953376179442563311
368924231211089527
155329882589594527
212789470978786561
671735109157488679
750691955331614531
285036415052993027
245343654256370963
168625159734037021
136736033549641067
499518593145700937
682658290347975077
858473365646642939
605479392092554087
125421766565786099
210365211395051707
412209995262858263
687187321952500363
404115208897873321
317539006626532693
250288921603013659
251711966428933541
342786669763503803
484056059173808543
312488958082334281
691200980442446471
980402361377478379
497441789330196437
895693835313181127
351493239688165027
955255028907686447
767924900422843817
322680869749205329
310686999665308379
812013654174749869
545399684245528111
745247397883174547
636148066504844827
252564836960373251
890340146748567113
426305072672297933
378660194765388439
608087954140822297
959133680482218257
593133892917440647
398592936416807413
239574153604018141
286927273546326191
808975584383902183
476975957911448591
832100033414477207
376775163563715491
765355615917279323
680935984587933181
852466511018834251
649269874220142061
655092343954353269
505900307539708927
318880812156841313
228471994189297799
813167032450078289
521120202955947869
302568927878028467
501704708560907287
682622795721452441
296261712418937459
666511207467862667
938545961755356683
596699292377398159
797719750299033649
316271098549593959
421715555956327783
924625105593669019
113705092867471099
611704317863150353
245928147866837339
963672763535870431
293269805764029671
769903455714741391
792089767261401017
101294135907455233
246815283342323651
639089079277905827
444742430100284579
114330387731639147
943201153754992061
119537125665000289
890461080327357817
773595878926106953
183969112308843707
460814599801354889
867885359345439791
510656904735881927
891807691045862167
683817448563863827
627221370315407689
811014526293254519
266962260653712779
845238431875524451
580124015087969239
973879069742487593
693600516114460741
515755240779967637
693348927647805241
453169335142682981
714923773504655293
575532358790932849
736125894731973547
983765069304480611
245297879429772833
686086404309044383
836056899071721161
324120083014759133
443027217523666843
327331786816141951
653519405094674557
910076061457375517
630755381401500473
524016273508141147
164608226900107643
183682845743347163
707482315591451311
659202819651615167
188015365044290831
698575452192158447
272240775947360749
617810628785986291
640177797100113091
955262375875179613
282953979965702509
934162109907608291
202401796702634339
502345454124995401
416915067607579001
901353041804522323
471683351645860609
801404628194869703
226617191738090557
513707002399750483
100090229399786861
395078701936875287
270090098666189089
446768405212000489
719947663546979429
734351387847624497
863544535268743157
523582453842982291
760303472504892059
522612612629460151
587997008013198281
526005818599907293
617531684778143237
815622919668860351
242908511232124303
889245211502181973
345571540385598433
857345230804957571
527238204850688137
542761254590487869
245984205662120203
776020593087193873
527031687189372509
966096822614814967
376787451557185069
617847315481545887
375391824844776637
595633552991416123
424862568731770277
784873781883637151
120609529252575119
149724586569697297
724730678162794091
114974771095616899
620447308945288739
208637412413798521
703742391768584291
703175789509962061
816965126781604693
727231794199314067
652226678071360517
739761392414409331
398750021265583577
942819563400098179
256167197304947161
102493896718952047
674559110053962659
713481558128658811
382125598690162373
485088549292090487
210318975646969309
236953792525446497
916407081253927493
932740065075113447
500686865014152833
209315367926286593
217372147736574029
626002208711092471
940853709083343793
840463433865261391
182770710725554541
712992129445837667
203840958525445727
444531950909178967
422897393742385327
309523417380071303
384426169519632679
830043354378415799
306776800807707707
135016076831317621
896675751194274629
168469934367439387
281279066117409803
113248003646370779
297697028849814553
894404816036175421
635219185149321631
982364792331676157
799428146665700063
115965908744572903
501047120646102077
924497357513071609
731192825953501463
730268707614457213
193862140421741633
762770730040299053
235723008294270971
446697293155636109
328406518827680533
920342865962918579
871695252481586791
783030454232220419
143787604235352263
644354339339298541
291487988834459113
478988327614972991
548988523386949487
306129517282309579
331735895244083639
346628696655144523
702564323400745849
757687602798348743
126585259494429523
290134362364102121
672212383726102937
342583059274126843
818011677371754413
260314131180192703
559106153047192511
443525863289279587
308210483063565919
428473105278987709
239218422114583447
247724408291854129
214654083760781279
434361211677033713
728442825944719741
808888033990504639
954735721098056629
419512965021032807
742509395304815279
861319162110422761
428216137546510493
770751550658445443
693983913315471679
518748790167123647
628077458986369241
531892802278579607
164281955485123811
191540197150026493
313078587142107247
590595707366699347
677110229306816167
746356882958476267
335411009791493341
826052224888738823
928706877914385533
820129076940423671
118775964017579699
664920342262217491
945131801636254649
223800342993724633
132286702497753191
292503393849581617
925938102813525247
876139664229306031
513446588919529073
430812338352954787
423170997031751897
667708962764563873
576589357317074473
524820490322115371
314117698782090013
423526872683385379
422613078249033719
807542939750099381
877788472460132797
942027855048875911
760295821741494697
858305393160716873
823811147373416837
383130321905053123
686218614838901743
298064009831166037
178243928991212323
440401548121645387
308796215544158759
709650277745724751
680197999324710613
742789307051445421
939454162432390987
150866631705053963
187161503024125793
154054553566625671
895310233573836337
883620529864858211
304705459388819849
408511433557178221
497682118937490691
451068114761822053
621257712067818451
694560642974194153
825401535722349353
442398657084666593
976264100042747279
748404883972711333
302129818925382079
700200197264988461
594340929417852079
300268736044179131
868681061897050429
891995052689344207
130946211013621999
252704464741505393
201096340944409423
409501640049902957
664580386798303967
894847146620227573
524919346524534473
427935110458357273
587011506691947941
112575307131156151
942286645687949459
161871287317010959
512215677873162079
353853949986691393
658039909776130787
110485395565348789
366611088766999397
433594313449544101
234606060445567817
329986407516951139
353254523487050113
572538146119314779
761841411418998461
107002570376012111
848365897745551837
851340564819066187
697433268168421097
364525171230120661
544457066012683001
872574298094795753
259364090067196679
503113901482148791
752527885398991931
311158831607401699
452800975225117427
324341417279689217
840870357275659363
370117738312520881
115467846516793181
625519454176897271
266264764421163787
995834170441163783
409505858991088001
566889203700245497
746960865749240117
707077380969182087
516453390382676317
427276318834962059
552164027360513363
168880592996503763
321856553571615541
416689023434098421
181738678118275303
306151657724817689
323410401643156277
375716716506950183
811791080946569627
888810663474483977
417095290291290719
863287081074076979
951724052480075599
842167317549692621
271077242400416741
252010516780933237
812838553418734489
173136742386241591
518747776498120397
333518272908920633
286953722089361737
514589608820833807
282634306737927257
626716279176409343
329834655914191871
344724995064144173
581935643506905011
734882862888453283
830182222792840069
192006165794679671
978055491353877721
992978536209274037
707669469448951393
708988260209921509
377150141228323189
707349251214502613
415804069284361171
148868844889157249
432266876670864497
817069229286866203
349617036510732889
390285176093533913
301598286578785253
714097524059212297
293627783012172509
172312977933055493
234543466744671127
611408484985557437
528312437732489831
111386746367023601
151961196033075787
399893731328962259
634717128991918799
285598256703600097
291524637119012431
168101175325042511
131044092004962349
925223310124391699
167440577192592307
999938810982437399
435719130050494571
516271966508855237
665257366146673067
205325606346263329
507279834628648681
124938358269835937
178974139849553803
110966376447156617
705410048122483007
515439920807683103
641285008114586137
884416480142529781
986775807759478501
720986044493528479
103511414726047249
441672563823214741
271196369473249049
771524507805059093
587010523879620133
541493715524079547
496068970619709853
754479411410501789
704311391868459983
907599911393556067
118051095492447107
855439100859573161
604885479854161309
720074172877654087
625617361027702501
393450896157004451
248191512381135341
288273694796391383
361746197826540713
369535180972150187
773772508658503261
666115138624390799
150691663517880301
246601283390187949
414808563680379901
657865497466319537
797506939982493899
329749631596359907
359708183848048967
370253779136843141
878147703514039589
908262694604670299
526029695836918253
749826206175065389
290093014674081737
255722101316184463
181173835295049449
165896261643091313
363213523702847281
138739018918682639
166435150437546779
737894149598641571
222795107011572443
169225913950066703
123036138641511167
515416217540487661
799279500736346741
330123838245403547
663144894944304797
971663796968217629
244916482003138489
742477095192239129
822844349477222623
884203427855169397
523543761632710061
993174297685312073
907111290273685493
511392494090649469
659346305032562803
471561016218685567
951087913296862777
373716578465103103
729160074446490637
655515580579665587
482635918682235121
784773872805000943
673306145707330339
802563193576737107
100240801401286891
179367917555450873
325515663555435167
123528908550756977
462513366017018539
249433845838725853
834345610702704643
267350687684632963
131331391847449609
785148622986605047
348360134815542713
863592106434906859
524740063300864601
367773762807320321
637209949312942403
411609068881691441
548014007194121113
721252841196552341
295415384331354829
522675808230061067
803884642398709309
723190941926998733
911221916480823221
759081373826207891
740623450626574117
445964560284646261
141056666748342487
424419229915510703
195903299152147177
597906206119440143
293373220217158303
319256609129356267
319168048754126129
299255211449819167
532504414099604543
970830711350597879
867352427482717711
608161075898019643
480999583808384219
222929183250829577
271834524321226151
690214357287723691
503115486550545301
438300763496955031
773178418270635863
457612116975508601
160443903697444001
853331468594459131
119884494879485341
718858198864797307
370205070820467643
386654534732200543
588575096057151997
160556957965012117
427798194798068999
329408363482064417
693417677253736429
840598773089155867
986419295190663637
810448503372254641
237827722917240139
720636754411889779
793164772680671161
651634920916287647
905227303969732967
365104147182094631
449814754923051607
640424273870882063
677021542434344117
531697968818334863
828361541149999991
687706005581610481
405276046242491267
662306916934201361
213824692342238711
378173177954311709
702026107973508011
306420287852331143
579653910715352063
223480395398826359
716414192624262247
798751753405424719
240625405085839457
811182504690052819
921919614777177349
690786119245397437
859996420471346479
114575199446091331
932208806867931317
349499485257061033
105266286478317389
771289172185711367
547412366644341851
498913041506605321
343083280802717089
403121081412395309
486737468355578443
981850833097001563
890590785620887159
208783303486042451
606221604776864177
259660505902451963
145625733309124391
998582509697888977
331314149869795949
940261390611466991
